GEN: 1     AVG FITNESS: 34.92334769386095        	AVG SCORE: 0.05      	AVG RATIO: 0.015576323987538943     	BEST SCORE: 3    	BEST RATIO: 0.375                    TOO_OLD: 1       	WON: 0    	
GEN: 2     AVG FITNESS: 17.321394321445474       	AVG SCORE: 0.027     	AVG RATIO: 0.009510390982740402     	BEST SCORE: 1    	BEST RATIO: 0.1111111111111111       TOO_OLD: 0       	WON: 0    	
