GEN: 1     AVG FITNESS: 31.309756414508087       	AVG SCORE: 0.045     	AVG RATIO: 0.01359106010268801      	BEST FITNESS: 2149.988999664993        	BEST SCORE: 2    	BEST RATIO: 0.18181818181818182      TOO_OLD: 1       	WON: 0    	
GEN: 2     AVG FITNESS: 77.48334073659163        	AVG SCORE: 0.122     	AVG RATIO: 0.02848470698108802      	BEST FITNESS: 5025.506959415782        	BEST SCORE: 3    	BEST RATIO: 0.21428571428571427      TOO_OLD: 0       	WON: 0    	
GEN: 3     AVG FITNESS: 77.67105682294176        	AVG SCORE: 0.118     	AVG RATIO: 0.02829736211031175      	BEST FITNESS: 5022.147118486193        	BEST SCORE: 3    	BEST RATIO: 0.16666666666666666      TOO_OLD: 0       	WON: 0    	
GEN: 4     AVG FITNESS: 89.12475939840348        	AVG SCORE: 0.145     	AVG RATIO: 0.031358131487889275     	BEST FITNESS: 2149.988999664993        	BEST SCORE: 2    	BEST RATIO: 0.18181818181818182      TOO_OLD: 0       	WON: 0    	
