GEN: 1     AVG FITNESS: 5475.0                   	AVG SCORE: 0.041     	AVG RATIO: 0.012112259970457903     	BEST SCORE: 2    	BEST RATIO: 0.08333333333333333      TOO_OLD: 0       	WON: 0    	
GEN: 2     AVG FITNESS: 5744.166666666668        	AVG SCORE: 0.064     	AVG RATIO: 0.016028049085900328     	BEST SCORE: 2    	BEST RATIO: 0.4                      TOO_OLD: 1       	WON: 0    	
